1 0.45374800000000004 0.422713 0.25609400000000004 0.255325
0 0.152391 0.333337 0.030814000000000008 0.06382500000000002
0 0.391161 0.17376200000000003 0.03079900000000002 0.05107500000000001
0 0.24962999999999996 0.847187 0.028883999999999993 0.04467500000000002
0 0.37092 0.8472 0.024977000000000027 0.051100000000000034
0 0.30547499999999994 0.09556300000000001 0.03272999999999998 0.035125
0 0.183198 0.531225 0.02310699999999999 0.05745
0 0.09654600000000002 0.14025 0.023107000000000003 0.035100000000000006
0 0.026275 0.7291 0.021176 0.0383
0 0.598198 0.775375 0.02894399999999997 0.028750000000000053
0 0.244857 0.441887 0.027028999999999997 0.044725000000000015
0 0.617421 0.317375 0.03659100000000004 0.05745
0 0.177421 0.8902749999999999 0.02310699999999999 0.04149999999999998
0 0.268884 0.5886879999999999 0.05197600000000002 0.051124999999999976
0 0.400792 0.036525 0.030814000000000008 0.0383
0 0.777232 0.290262 0.025023000000000017 0.028725
