1 0.624149 0.245743 0.11635400000000007 0.217086
1 0.37565999999999994 0.176857 0.17506900000000003 0.22228599999999998
1 0.09810799999999997 0.140857 0.115035 0.13782899999999998
1 0.408733 0.482429 0.11142399999999997 0.17491400000000001
1 0.13109400000000004 0.436143 0.18878499999999998 0.24691399999999997
1 0.16560799999999992 0.7951709999999999 0.15003500000000003 0.28188599999999997
1 0.413663 0.833229 0.12378500000000003 0.23868599999999995
1 0.6693580000000001 0.7159709999999999 0.10253499999999993 0.16051399999999993
1 0.820139 0.437257 0.05874999999999997 0.06765700000000002
1 0.9043920000000001 0.826114 0.06503500000000006 0.1048
1 0.865764 0.1656 0.15249999999999997 0.18719999999999998
