0 0.717301 0.556014 0.022361 0.044306
0 0.734176 0.705590 0.017019 0.031653
0 0.831856 0.813292 0.021102 0.040306
0 0.862870 0.931333 0.021241 0.035861
0 0.856542 0.683542 0.027991 0.038194
0 0.792616 0.970569 0.029528 0.046417
0 0.426162 0.714028 0.025176 0.040083
0 0.454361 0.482174 0.019685 0.031653
0 0.497889 0.436708 0.016741 0.041972
0 0.705273 0.619201 0.040787 0.052958
0 0.751407 0.525840 0.029537 0.056958
0 0.634245 0.557917 0.019694 0.044306
0 0.690574 0.812347 0.019833 0.042194
0 0.571023 0.712021 0.022361 0.039875
0 0.965542 0.241563 0.023769 0.040292
