1 0.453748 0.422713 0.256094 0.255325
0 0.152391 0.333337 0.030814 0.063825
0 0.391161 0.173762 0.030799 0.051075
0 0.249630 0.847187 0.028884 0.044675
0 0.370920 0.847200 0.024977 0.051100
0 0.305475 0.095563 0.032730 0.035125
0 0.183198 0.531225 0.023107 0.057450
0 0.096546 0.140250 0.023107 0.035100
0 0.026275 0.729100 0.021176 0.038300
0 0.598198 0.775375 0.028944 0.028750
0 0.244857 0.441887 0.027029 0.044725
0 0.617421 0.317375 0.036591 0.057450
0 0.177421 0.890275 0.023107 0.041500
0 0.268884 0.588688 0.051976 0.051125
0 0.400792 0.036525 0.030814 0.038300
0 0.777232 0.290262 0.025023 0.028725
