1 0.37585100000000005 0.245743 0.11635400000000001 0.217086
1 0.6243400000000001 0.176857 0.17506900000000003 0.22228599999999998
1 0.901892 0.140857 0.115035 0.13782899999999998
1 0.591267 0.482429 0.11142399999999997 0.17491400000000001
1 0.868906 0.436143 0.18878499999999998 0.24691399999999997
1 0.834392 0.7951709999999999 0.15003500000000003 0.28188599999999997
1 0.586337 0.833229 0.12378500000000003 0.23868599999999995
1 0.330642 0.7159709999999999 0.10253499999999999 0.16051399999999993
1 0.179861 0.437257 0.05875 0.06765700000000002
1 0.095608 0.826114 0.06503500000000001 0.1048
1 0.134236 0.1656 0.15250000000000002 0.18719999999999998
