1 0.546252 0.422713 0.25609400000000004 0.255325
0 0.8476090000000001 0.333337 0.030814000000000008 0.06382500000000002
0 0.608839 0.17376200000000003 0.03079900000000002 0.05107500000000001
0 0.75037 0.847187 0.02888400000000002 0.04467500000000002
0 0.62908 0.8472 0.024977000000000027 0.051100000000000034
0 0.6945250000000001 0.09556300000000001 0.032729999999999926 0.035125
0 0.816802 0.531225 0.02310699999999999 0.05745
0 0.903454 0.14025 0.02310699999999999 0.035100000000000006
0 0.973725 0.7291 0.021175999999999973 0.0383
0 0.40180200000000005 0.775375 0.02894399999999997 0.028750000000000053
0 0.755143 0.441887 0.02702899999999997 0.044725000000000015
0 0.382579 0.317375 0.03659100000000004 0.05745
0 0.822579 0.8902749999999999 0.02310699999999999 0.04149999999999998
0 0.731116 0.5886879999999999 0.05197600000000002 0.051124999999999976
0 0.599208 0.036525 0.030814000000000008 0.0383
0 0.22276799999999997 0.290262 0.025023000000000017 0.028725
