1 0.210698 0.12037 0.192037 0.09464800000000001
1 0.771605 0.11111100000000002 0.10123499999999996 0.051444000000000004
1 0.2680370000000001 0.37654599999999994 0.11523500000000003 0.10905599999999999
1 0.7358019999999998 0.39094399999999996 0.10150599999999999 0.055555999999999994
1 0.252944 0.627569 0.331963 0.158435
1 0.7455430000000001 0.639917 0.054593 0.04320400000000002
1 0.718105 0.859051 0.08806199999999997 0.06173099999999998
1 0.266802 0.866255 0.14513599999999996 0.121398
0 0.46570999999999996 0.8899169999999998 0.038136 0.024684999999999957
0 0.22140099999999996 0.985083 0.038407 0.029833
